Feature
2184
2213
2219
1678
2214
1677
2220
2223
2221
2210
1679
1664
2751
1663
1676
2211
2206
2207
1675
1656
1646
2154
1687
1667
854
2224
484
489
488
853
2732
842
855
463
485
839
2212
840
1662
1674
1681
849
58
673
850
852
2209
851
56
1649
483
2202
2203
1655
2104
2105
724
1654
1652
54
818
1651
672
2723
736
735
841
481
848
1001
57
743
487
2204
462
1670
2157
474
740
1683
1650
59
695
1668
846
674
847
2748
2726
1648
825
838
2205
480
731
2724
1645
1673
844
999
1653
857
1647
843
692
1685
2158
473
1688
832
2208
1657
1000
834
2725
1684
475
1660
835
1672
2754
482
2736
471
2243
697
845
2730
1659
2106
726
1973
1665
2196
2753
1669
53
723
2156
679
2244
2752
2750
815
1686
734
694
856
478
819
2735
2734
2113
2733
2155
817
718
464
732
2749
472
675
1065
739
2247
836
671
828
830
829
2263
486
1661
1658
861
